<?xml version="1.0" encoding="utf-8"?>
<opencv_storage>
   <b1 type_id="opencv-matrix">
      <rows>25</rows>
      <cols>1</cols>
      <dt>f</dt>
      <data>-0.311349 -0.269621 -0.067380 -0.414573 -1.506336 -0.516901 -0.598468 -0.295041 -0.106941 -0.486486 -0.876789 0.528954 -1.144109 -0.762641 -0.926772 0.862030 -0.648278 0.393279 -0.324491 0.242934 -1.070525 -0.735177 -0.012981 -1.074918 0.322770 </data>
   </b1>
</opencv_storage>