<?xml version="1.0" encoding="utf-8"?>
<opencv_storage>
   <b2 type_id="opencv-matrix">
      <rows>11</rows>
      <cols>1</cols>
      <dt>f</dt>
      <data>0.842721 -0.083810 -0.422858 0.194474 -0.183252 -0.208532 -0.117766 -0.236418 -0.526158 0.702486 0.357430 </data>
   </b2>
</opencv_storage>