<?xml version="1.0" encoding="utf-8"?>
<opencv_storage>
   <w1 type_id="opencv-matrix">
      <rows>25</rows>
      <cols>25</cols>
      <dt>f</dt>
      <data>-0.699699 0.299521 0.346405 -0.781124 -1.042472 0.737382 0.875441 -0.268654 -0.830028 -0.192483 0.311239 -0.264623 0.798329 -0.269208 0.524856 -0.131452 -0.796223 -0.753368 0.189441 -0.384672 -0.202716 -0.597879 -0.329374 -0.411888 -0.188880 0.973285 -0.390090 0.784840 -0.700874 0.823468 0.179799 0.486778 0.210490 -0.702644 -0.434981 0.110413 -0.894018 -0.892745 -0.140077 1.110123 0.187406 0.635725 -0.213883 0.989653 -0.158216 0.537597 -1.077522 -0.644071 0.597150 0.018276 -0.864487 -0.254232 -0.390274 -0.120716 -0.608984 -1.094398 -0.117520 0.630274 -0.693089 0.349694 -1.273581 -0.709511 0.335506 0.352004 -0.360991 0.946034 -0.302858 -0.844658 0.184230 -0.981162 0.359635 1.073066 0.339890 -0.048306 -0.391841 -0.299444 0.017195 -0.350493 -0.308649 0.051712 -0.764681 -0.780946 0.579896 0.018067 -0.352927 0.766493 -0.242259 0.073598 0.064593 0.740450 1.059254 0.547471 -0.201315 0.673543 0.290131 -0.039977 -0.494858 0.329785 0.344651 -0.341978 1.041171 -0.170449 0.997948 0.169217 -0.338305 1.219604 1.177149 0.275456 -1.021137 0.638039 -0.132747 -0.832260 -0.358364 0.811346 -0.032407 -0.416985 -0.356574 -0.495721 -0.610609 -0.820064 0.437100 -0.575863 -0.542618 -0.294277 0.496355 -1.072799 0.262719 0.037066 -0.284726 0.362118 -0.414591 0.330301 0.715197 0.025864 -0.968992 -0.891038 -0.247889 0.195895 0.277659 0.057405 -0.137092 -0.605558 -0.460357 0.159859 -1.267686 -0.079018 1.240343 0.435407 0.091795 0.382396 0.406404 0.264418 1.026438 -0.789675 0.693228 0.036797 0.495375 -0.842446 -0.890667 0.886748 0.702826 0.045709 0.924618 0.532865 -0.431892 0.567038 -1.217282 -0.460166 0.715314 0.885733 -0.811444 0.771196 0.507678 0.384120 0.320446 0.225633 -0.254876 -0.100736 -0.288551 -1.275927 -0.138400 0.051419 -0.247520 0.562279 -0.097342 0.838984 0.299313 0.019973 -0.192251 0.392564 -0.295311 -0.581003 -1.446124 0.776786 -0.425388 0.123187 -0.488013 0.308881 1.123363 0.293930 -0.808269 0.724957 -0.082919 -1.124260 0.804507 -0.044962 0.440700 -0.540655 0.344730 -0.355618 -0.465961 0.420759 -0.065853 -0.474138 -0.286635 0.588069 -0.077781 -1.004163 -0.728396 0.745608 0.690965 0.592936 -1.623576 0.346244 0.735193 -0.237467 -0.799997 -0.431254 0.703991 0.505001 0.904472 -0.464299 -0.946290 0.322699 -0.406559 -0.078813 0.713947 0.451293 -0.645347 0.390277 -0.170253 -0.412273 -0.415984 -1.274212 0.592127 0.225763 -0.775565 0.062821 0.581544 -0.693228 -0.943859 0.159350 0.285820 0.781819 -0.277202 0.878708 0.207825 0.450774 -1.055691 0.045438 -0.629742 -0.479670 -0.863024 -0.280235 -0.651238 0.218593 -0.913947 -0.024970 -1.580625 -0.060913 0.415523 -0.742237 -0.328381 -0.682666 -1.025227 -0.902102 -0.981487 -0.225812 0.310419 0.141256 0.117125 0.405791 0.142360 -0.891710 -0.315443 0.696794 -0.056396 0.337944 1.079648 -1.099241 0.524665 -0.592868 -0.020455 0.456104 -0.507631 -0.802466 1.057217 -0.829646 0.679175 0.620776 -0.031270 0.323603 -0.584687 0.383034 0.949318 -0.398730 0.443888 0.718442 -0.334568 -0.432062 -0.525266 -1.010027 -0.566668 -1.001259 -0.656709 0.472458 0.402972 0.763489 -0.867479 -0.957045 0.675228 -0.764358 -0.848066 0.658469 1.033239 0.283782 -0.024960 1.285764 0.579521 0.411212 0.372416 0.930940 1.276060 1.089014 0.713038 -0.296321 -1.276286 0.901978 -0.883109 -0.743891 0.653134 -0.256667 -0.555322 0.614206 0.488241 0.073282 -0.761487 0.796462 -0.437842 -0.704232 -0.392161 -0.443245 0.289510 -0.412678 0.358599 -0.041864 0.070607 0.659875 0.612791 -0.787107 -0.661761 1.226939 0.737966 -0.715154 1.217782 0.098539 -0.631861 -0.833981 -0.200724 0.178234 -1.132829 0.161608 -1.035033 -0.409783 -0.955197 0.751928 -0.700479 0.117841 0.450500 -0.722683 -0.578941 -1.214047 -0.951002 0.558116 0.090680 -0.517343 0.433400 0.204965 0.688511 0.337415 -0.717738 -1.091067 0.657974 -0.191507 -0.662726 0.653720 -0.284016 -0.594116 0.465898 -0.477677 -0.711827 -0.697892 0.237048 0.357532 0.273992 -0.672465 -1.439398 -0.478192 0.266451 0.319849 -0.842090 0.551967 -0.418812 0.373637 -0.002830 -0.065723 -1.401911 -0.157383 -0.591707 -0.564138 0.504840 -1.677874 1.089879 0.047674 0.414122 0.752856 -0.675165 0.266242 -1.104480 -0.691764 0.058177 -0.256638 0.563766 -0.683960 -0.347724 0.216453 0.062745 0.926028 0.310645 -0.419939 -0.480924 0.696005 0.637639 0.098636 0.077790 -0.001411 1.011362 -0.230519 -0.490635 -0.829610 0.940515 -1.052344 -1.272471 0.002516 -0.091584 -0.442108 -0.106795 0.260994 0.335500 -1.371926 -1.194778 0.003227 0.274768 0.683554 0.482508 -0.321550 -1.362912 -1.013476 -0.604303 -0.501655 0.036152 0.212025 0.207372 -0.250684 -0.624077 0.527444 -0.917035 -0.519571 -0.299445 -0.139833 -1.031245 0.624063 -0.411835 -0.400140 -1.433228 -0.823454 -0.701578 -0.602605 0.836395 0.008335 -0.646372 0.192590 0.266407 0.124830 -0.466963 0.494574 -0.824504 -0.704235 -0.292892 -0.379258 0.201773 0.290563 -0.833748 -0.606425 -0.390882 1.049904 0.627471 -0.961235 -0.187500 0.161350 0.100733 0.517734 0.452085 0.012359 -1.168533 0.837416 -0.403547 -0.155629 -0.009702 0.341845 0.689783 0.535496 0.682395 -0.780432 0.324908 -0.388861 -0.812734 -0.215565 -0.826524 -0.336304 -0.652254 -0.914801 -0.922202 -0.300763 0.106906 -0.247330 -0.781916 -0.603191 0.473734 0.690539 -0.493663 0.462364 -0.568054 -0.013172 0.301037 -0.881033 -1.270744 -1.092527 -0.955489 -0.650133 -1.424495 -1.257250 -0.454035 0.570113 -0.229731 0.708859 0.258321 -0.881318 1.016160 0.251319 -0.672929 -0.417286 -0.701100 -0.279425 -0.062974 0.774340 0.648562 -1.086141 -0.178968 -0.801100 0.006409 0.420282 0.329311 -0.183664 -1.371858 0.142160 0.322913 0.077388 0.759230 -0.778938 0.171476 -0.241046 -0.482035 -1.108665 -0.335557 0.619236 0.553866 0.992141 -0.426876 -0.302197 -0.093132 -0.305184 -0.857295 0.230388 -1.081633 -0.761195 -0.229176 -0.255123 -1.345596 -0.155209 -0.088910 -0.226204 0.425902 -0.513377 0.365964 0.788426 0.533927 -0.556267 -0.272871 -1.171159 0.083705 -1.001200 -1.298059 -0.867055 -0.904446 0.935949 0.094927 0.409085 0.061025 0.388801 -0.213715 0.714688 -0.109835 -0.907564 0.763154 </data>
   </w1>
</opencv_storage>