<?xml version="1.0" encoding="utf-8"?>
<opencv_storage>
   <w2 type_id="opencv-matrix">
      <rows>11</rows>
      <cols>25</cols>
      <dt>f</dt>
      <data>-0.411326 -0.588284 0.797041 0.956674 0.511872 -0.819454 0.530853 -0.326315 -0.538386 -0.529234 0.505569 0.918998 -0.859290 -0.140641 0.038466 -0.315259 -0.715016 1.428776 -0.118374 -0.480271 -0.764215 0.343464 -0.108903 0.830064 -0.606292 0.522251 0.106738 0.206800 0.977720 -0.103579 -0.666428 -0.027612 -0.668145 0.391343 0.117852 0.292839 -0.358724 -0.525664 1.480101 -0.623011 0.118669 -0.273731 -0.825878 -0.753855 -0.464759 0.281774 -0.026271 -0.039991 -0.373178 -0.265194 -0.457170 0.785845 1.121511 -0.187877 -0.715328 -0.403403 0.261925 -0.421767 -0.409453 0.106877 0.173639 -0.720025 -0.143380 0.571238 0.035253 0.991200 -0.176715 -0.511589 0.464120 -0.757146 0.502032 0.251204 0.088011 -0.253345 0.424774 -1.024265 0.535717 -0.375351 -0.641492 -0.467545 0.736056 0.254421 0.740783 0.049549 -1.378207 1.282253 -0.065065 0.147609 -0.089278 1.303950 1.227109 -0.311661 0.585231 1.044009 -0.487218 -0.428015 0.209113 -0.143437 0.362940 -0.548498 1.477861 -0.650134 -0.670529 -0.859377 0.428408 0.633898 0.166456 -0.379235 0.577344 0.623802 -0.851906 0.692576 0.119661 -0.860398 0.166479 -0.398830 -0.034577 0.019954 0.941483 -0.145748 -0.137474 -0.185665 -0.644526 -0.297613 -0.080415 -0.728412 -0.492657 -0.184244 -0.677707 -0.238730 0.665494 -0.799410 0.149167 0.550880 0.029900 0.853434 0.065501 -1.003675 -0.388094 0.296923 0.543691 -0.032245 -0.062666 -0.519506 -0.417536 -0.547130 -0.151204 0.635381 0.406437 -0.489571 0.959083 0.294188 0.550993 0.868480 -0.402703 -0.895415 0.811027 -0.302341 0.492204 -0.479072 0.434134 -0.864787 0.216849 1.116966 -0.163999 0.115760 0.156149 0.575775 -0.300839 -0.425005 0.062274 0.167645 -0.120241 -0.064813 0.283409 -0.047474 1.533179 0.542756 -0.278602 -0.111480 -0.135399 -0.692738 0.163280 1.099371 0.041651 -0.479160 -0.939076 0.300039 -0.178951 0.078392 1.152196 0.456111 -0.587110 -0.772547 0.015053 -0.331724 0.095113 0.366296 0.057747 0.427783 0.125972 -0.161778 1.130427 -0.599522 -0.502875 0.395388 -0.576947 -0.512860 -1.019866 -1.116329 -0.265031 0.331964 -1.278619 0.655541 -0.284986 0.949390 0.052444 0.013416 0.707835 0.191055 -0.376453 -0.435979 0.593138 0.471477 -0.727710 -0.081142 0.255236 0.543468 -0.349943 -0.763842 -0.185590 1.381300 -0.903882 -0.179653 -0.480984 -1.253898 0.278943 0.775721 -1.084549 0.795923 0.363694 0.396547 -0.868406 0.717798 -0.257460 0.703215 0.543389 1.322361 -0.894078 -0.188662 0.590190 -1.258567 -0.369089 -0.838415 -0.346065 -0.721428 -0.865100 0.155550 -0.055421 0.844987 1.037780 0.148528 -0.990055 -0.154481 0.338585 -0.419425 -0.024707 0.573339 -0.284521 -0.009798 0.056462 1.234125 -0.556478 1.115158 -0.055940 </data>
   </w2>
</opencv_storage>