<?xml version="1.0" encoding="utf-8"?>
<opencv_storage>
   <b1 type_id="opencv-matrix">
      <rows>25</rows>
      <cols>1</cols>
      <dt>f</dt>
      <data>-0.840593 3.101187 2.985131 0.889192 -0.151125 1.201157 2.325092 5.270336 2.095612 -0.063437 1.025762 6.224833 0.168180 1.075863 5.519948 0.883684 0.771180 2.733966 0.389516 2.795739 -0.666244 1.054563 2.250376 0.135261 2.366431 </data>
   </b1>
</opencv_storage>