<?xml version="1.0" encoding="utf-8"?>
<opencv_storage>
   <b2 type_id="opencv-matrix">
      <rows>10</rows>
      <cols>1</cols>
      <dt>f</dt>
      <data>-0.065965 -0.169857 -0.016938 -0.121744 0.036196 1.864500 -0.090752 -0.045512 -0.384979 0.063721 </data>
   </b2>
</opencv_storage>