<?xml version="1.0" encoding="utf-8"?>
<opencv_storage>
   <w1 type_id="opencv-matrix">
      <rows>25</rows>
      <cols>25</cols>
      <dt>f</dt>
      <data>1.388524 -3.625223 -3.434457 -0.171972 0.390587 0.057252 -3.836015 -0.398651 -0.630173 -0.368028 5.392390 -2.229513 0.814157 -0.559637 -7.139519 -0.578598 -1.056727 0.010427 -0.435211 -2.072214 0.516928 -0.751662 -0.456388 -1.023475 -3.944063 -4.278223 -6.030262 2.416556 0.803587 -0.302994 -0.716882 -3.615328 -1.174418 -1.274440 0.441270 4.163099 -2.585389 -0.581540 1.641760 1.381495 -1.133059 1.237774 -0.461596 -0.968409 -3.743667 1.757482 -0.222650 -2.081561 -0.182792 -2.701776 -0.669750 3.377429 1.333587 -0.655883 -6.796331 0.245261 -3.069061 -1.155212 -0.467187 -1.140501 -2.714302 2.395378 -0.558623 1.272694 1.932755 -0.214014 0.660522 0.871578 -0.404952 -5.449240 6.519220 0.884275 -2.029801 -0.381263 -1.954177 -2.585809 -0.209245 -2.576226 -0.814231 -3.782196 -0.439974 -3.362695 -1.705673 -0.928759 0.118083 -0.570759 -2.297262 -0.931545 3.557776 -3.029337 -0.763743 1.638124 -0.367088 0.174849 -4.466132 -3.336068 -1.835642 0.151319 0.813799 -1.591324 3.285901 -2.705623 -1.625957 -0.534588 2.950297 -1.070133 -2.137630 -1.910730 0.568184 0.333598 6.136196 -2.103832 -0.726986 -1.547168 -3.848875 0.732403 -1.095585 -2.306548 -0.087567 -1.658013 -3.420050 0.518485 1.088338 0.325017 -2.487779 -4.553053 -1.936939 -3.842903 -0.675242 -1.767814 -0.623200 -1.874318 -2.799074 0.353942 -0.337782 1.684866 -4.398659 -0.362155 -0.270369 -3.130229 -0.412845 -1.111109 -0.133426 0.148577 -2.291030 -1.683710 -0.710952 5.183412 -0.055478 2.806383 10.991856 7.336269 -4.836854 0.043924 -1.589116 -0.511951 -2.031854 -6.717397 0.619264 0.673706 -0.590225 -1.646222 -0.736262 -6.846738 -4.303067 0.806676 -5.733479 -2.272526 -0.677939 9.874955 5.992920 0.121008 2.316689 0.051323 -2.537543 -6.185242 3.281287 -3.474710 0.010862 7.640973 -1.473717 6.980925 -0.489112 -1.328927 -0.078977 -1.510155 9.174027 -0.861418 6.574916 0.010151 0.699393 -1.965627 3.783624 -0.867665 -5.525631 -7.125659 0.055349 -3.888127 0.273989 -1.303469 8.953864 -2.161894 7.438637 0.481703 -0.316409 -0.522018 3.844063 -3.674992 0.101627 -0.815989 -1.827832 -2.815497 0.204753 1.934259 10.522917 2.453940 -2.037515 -3.432319 1.316992 -4.314879 6.467428 1.021884 -7.479411 1.164696 -10.626361 -1.741139 -6.014419 -2.089748 -0.186529 -1.269883 -1.216378 -5.177712 -0.940444 0.155164 -0.043718 0.437443 -0.669645 -0.896910 -1.897565 -0.488664 -1.177208 0.645864 -0.805160 -0.858654 3.824403 -3.890991 -0.244679 0.262354 -0.600317 4.319202 1.094202 4.203005 -0.919029 0.328431 -7.265000 -0.765200 3.801315 1.527555 0.438468 -1.261890 1.337634 0.893100 -0.076331 -2.508001 2.461815 0.975379 0.930079 -0.918944 -0.710468 3.217807 -1.362401 0.357666 2.202973 1.637947 1.448580 -7.210016 6.626842 -2.988229 -0.223186 8.405412 0.102483 -2.531024 6.900723 -0.305592 -0.741087 -3.512897 -2.879076 0.814229 -4.155042 -3.956908 0.414773 3.365930 -2.580667 0.881700 0.233814 4.847745 -0.609222 4.577168 -1.418394 -0.594973 -2.818785 -5.102612 0.661443 0.508454 -2.431712 -1.044670 -1.809872 3.964666 -0.162994 -0.863141 -11.137600 4.342283 0.244334 2.675277 16.160442 -2.342123 2.020001 3.773432 -1.718329 0.904675 3.014239 -1.710943 1.453037 1.650055 2.559621 -5.342471 0.381006 1.070443 0.308043 6.384353 1.383841 -1.986303 8.792332 -1.655683 -0.462724 -3.828351 4.524014 0.593585 -3.431162 -1.699814 2.149961 -1.395370 1.002108 -0.505219 -0.771377 7.865212 -0.614733 6.345453 -1.312725 -0.395091 -1.114725 4.318001 -2.710947 -0.625877 -6.798322 0.981246 5.516862 4.260600 0.512762 0.156125 0.529261 2.503371 -0.360655 -4.149158 2.533407 -0.253817 2.112172 1.290816 -0.285091 1.989011 -2.252204 -1.167563 0.811969 0.398728 5.529229 -1.572185 -9.406031 -0.393772 -0.551254 1.258930 -0.789781 -5.221198 -1.373744 -0.646522 0.324997 -1.551750 -2.692030 -1.194319 -1.372504 1.979968 -2.821467 -1.666932 -0.984772 -1.161026 4.802336 -0.590278 -0.392648 2.860455 -0.711011 -4.869802 11.159777 7.999761 9.592761 0.733641 -0.223379 0.816296 1.060377 -2.339612 0.826076 0.238601 -2.516190 -5.346673 0.385871 -0.156307 -11.649027 -0.049005 -6.530699 -3.823462 -0.654039 -1.978381 -5.845346 1.375274 -7.269781 -1.971282 7.703870 -4.847486 0.765639 0.528849 -0.796571 9.121907 0.350861 7.392426 -1.643097 -0.373154 0.357974 -4.451135 4.536989 0.220403 7.707519 -7.280797 0.154195 2.266348 2.810367 1.550201 -2.238970 -0.363376 -0.002708 -4.532725 -0.687007 0.716301 9.318277 -0.077822 -5.252560 -0.694692 0.253978 2.307903 2.565799 -5.397472 -0.243679 -0.297590 -2.346791 -1.769972 0.748798 -10.030820 0.043858 0.902144 1.177262 -2.746624 0.502002 9.975650 -1.837773 -0.818914 0.214501 -0.547929 4.159038 -1.459503 -4.801864 -2.738806 -0.945719 -2.457206 -1.551544 -1.641509 -1.640548 -0.235912 0.676101 -0.893148 -5.174907 -0.172236 -2.839015 2.087846 -2.290977 5.321569 -1.300752 0.135600 -0.896253 -0.968616 -0.467280 3.368616 0.357261 -1.561196 -0.592267 -3.525367 -2.737255 0.524287 0.980507 0.907356 1.457877 1.162842 -0.295922 -0.951174 7.033536 0.363190 -0.368266 -1.651162 -3.555502 -0.550917 -0.468843 -0.356973 -0.617679 -2.702433 0.242222 0.500813 -0.334561 0.361936 -1.307076 -4.278152 -2.491988 -2.363835 -0.614911 -2.382694 -0.274718 -0.704776 -3.013802 0.413728 -1.252963 4.021407 -7.991458 -0.170456 3.271197 3.064929 -0.789462 0.381088 -1.697185 -0.102183 0.062639 1.453947 -0.616310 -1.901235 -0.517343 1.033055 0.614848 4.379374 4.367086 -0.071764 -5.354477 0.362109 1.275806 -0.099036 -0.014151 -0.954630 -0.085803 2.703047 0.389664 3.993662 1.147911 1.274626 -0.256236 3.018818 1.215022 -3.378192 -1.567159 0.465374 -3.947672 -0.432859 0.178939 0.507389 -3.142309 6.417729 -0.539758 -0.431454 -1.183423 -2.519704 -0.135644 -0.355608 -0.604466 -1.021882 0.404752 -0.321343 2.885497 -1.598824 -1.242119 -2.331526 0.761110 -0.410303 1.754540 -7.897999 0.914146 -2.506971 -1.213662 -1.049949 -1.289983 -1.606206 -0.465389 -0.713654 1.927984 -0.717708 -1.542828 0.132208 -0.755408 0.495623 6.238260 -0.280979 -0.308969 -0.589335 -3.646797 -0.827571 -1.327999 -0.954655 0.103469 -3.532805 -2.155945 -0.804580 -1.949069 -0.809486 -2.001220 </data>
   </w1>
</opencv_storage>