<?xml version="1.0" encoding="utf-8"?>
<opencv_storage>
   <w2 type_id="opencv-matrix">
      <rows>10</rows>
      <cols>25</cols>
      <dt>f</dt>
      <data>0.084855 0.227600 -0.730122 0.030247 0.094197 -1.189534 -0.635321 0.323024 1.873235 -0.045420 0.363008 -0.241831 -0.327806 0.004080 -0.701337 -2.119071 4.151628 0.342449 -1.251515 -0.074185 0.302561 0.150874 3.307226 -0.310040 -0.005057 -1.298031 -0.224947 -1.095410 -0.818768 0.092290 -0.814199 -0.540848 -0.195981 0.011179 0.707289 -1.375497 -0.001698 -1.040213 1.095514 -0.367098 0.129750 -0.362265 -0.320320 0.175636 2.177105 -1.087486 -0.821111 0.101216 -0.000373 0.076482 -0.739588 0.929389 -0.075547 0.356652 -0.681273 -1.441342 1.641227 -0.282940 0.890556 -0.760872 0.224740 -0.136226 -0.074470 -0.645950 -0.886485 -1.818623 4.259906 0.193605 -1.520272 0.397072 0.100644 2.026243 -0.029189 -0.364493 -0.189031 -0.800716 -0.324685 -0.359091 0.036847 -0.020161 -0.163582 -0.667098 0.170616 0.580773 0.000542 -0.771407 -0.398862 -0.838097 2.100686 0.670637 -0.747953 -0.185695 0.844549 -0.109466 -0.425880 -0.044505 -0.207799 -0.378221 -0.155470 0.077692 1.156178 0.178829 0.011662 0.092671 0.011797 -1.427642 0.015091 -0.101980 0.050936 -0.000062 0.316094 4.623370 1.152018 -0.456142 -0.230056 -2.816856 -0.128036 -2.119017 -0.729730 0.185630 0.426936 -0.156530 -0.679445 -0.063899 -0.621935 -1.166511 0.575417 0.330380 0.900955 -0.633346 -0.151970 -0.459718 -0.730554 -0.319998 0.243739 -2.316602 0.080011 3.664666 -0.070141 -0.036574 0.207998 -0.220835 -0.363042 2.724506 0.148689 -1.812760 -0.159428 -0.088730 -0.310742 -0.114289 0.096765 -0.098821 0.424310 0.313927 0.051691 -1.464433 1.718376 -0.637257 0.749811 -1.651080 0.009312 -0.686276 -0.914819 -1.192350 -0.000271 -1.658301 0.133041 3.800636 0.269458 0.088614 0.260281 2.560759 -1.881778 0.152680 -1.418571 0.357773 -1.922893 0.916997 1.635784 -0.029070 -0.453624 -0.369626 0.502349 -0.449614 0.453969 -1.169842 1.112449 0.571926 1.494377 -0.646331 0.136990 0.283072 2.550234 -0.728775 -0.022266 -0.945448 -0.115500 -0.727410 -0.499669 0.036732 0.112571 0.093294 -0.018749 -0.363426 -0.120768 -1.259067 -0.281308 0.084686 -0.530598 2.371263 -0.589173 -0.220656 1.176954 0.073154 -0.696279 -1.726407 -0.274200 0.292124 1.646087 0.050460 -0.171786 -0.864647 -0.740935 0.180552 0.147202 -2.199355 0.240653 3.457159 0.135222 -0.180708 -0.486861 -0.194315 -0.390943 1.614534 -1.151526 -0.488083 -0.103477 0.294726 1.507888 -0.087184 0.299740 -0.456728 -1.126778 4.760367 0.239444 -2.809355 -0.746628 0.203942 -0.506461 0.146252 </data>
   </w2>
</opencv_storage>